DATAFLOW,LAST UPDATE,freq,unit,sex,indic_he,geo,TIME_PERIOD,OBS_VALUE,OBS_FLAG
ESTAT:HLTH_HLYE(1.0),12/06/23 23:00:00,A,YR,T,HLY_0,AT,2004,59.3,
ESTAT:HLTH_HLYE(1.0),12/06/23 23:00:00,A,YR,T,HLY_0,AT,2005,58.8,
ESTAT:HLTH_HLYE(1.0),12/06/23 23:00:00,A,YR,T,HLY_0,AT,2006,59.9,
ESTAT:HLTH_HLYE(1.0),12/06/23 23:00:00,A,YR,T,HLY_0,AT,2007,60.1,
ESTAT:HLTH_HLYE(1.0),12/06/23 23:00:00,A,YR,T,HLY_0,AT,2008,59.2,b
ESTAT:HLTH_HLYE(1.0),12/06/23 23:00:00,A,YR,T,HLY_0,AT,2009,60.1,
ESTAT:HLTH_HLYE(1.0),12/06/23 23:00:00,A,YR,T,HLY_0,AT,2010,60.1,
ESTAT:HLTH_HLYE(1.0),12/06/23 23:00:00,A,YR,T,HLY_0,AT,2011,59.8,
ESTAT:HLTH_HLYE(1.0),12/06/23 23:00:00,A,YR,T,HLY_0,AT,2012,61.4,
ESTAT:HLTH_HLYE(1.0),12/06/23 23:00:00,A,YR,T,HLY_0,AT,2013,59.9,
ESTAT:HLTH_HLYE(1.0),12/06/23 23:00:00,A,YR,T,HLY_0,AT,2014,57.7,
ESTAT:HLTH_HLYE(1.0),12/06/23 23:00:00,A,YR,T,HLY_0,AT,2015,58.0,
ESTAT:HLTH_HLYE(1.0),12/06/23 23:00:00,A,YR,T,HLY_0,AT,2016,57.0,
ESTAT:HLTH_HLYE(1.0),12/06/23 23:00:00,A,YR,T,HLY_0,AT,2017,57.1,
ESTAT:HLTH_HLYE(1.0),12/06/23 23:00:00,A,YR,T,HLY_0,AT,2018,56.9,
ESTAT:HLTH_HLYE(1.0),12/06/23 23:00:00,A,YR,T,HLY_0,AT,2019,57.3,
ESTAT:HLTH_HLYE(1.0),12/06/23 23:00:00,A,YR,T,HLY_0,AT,2020,58.7,
ESTAT:HLTH_HLYE(1.0),12/06/23 23:00:00,A,YR,T,HLY_0,AT,2021,61.8,
ESTAT:HLTH_HLYE(1.0),12/06/23 23:00:00,A,YR,T,HLY_0,BE,2004,58.7,
ESTAT:HLTH_HLYE(1.0),12/06/23 23:00:00,A,YR,T,HLY_0,BE,2005,62.4,b
ESTAT:HLTH_HLYE(1.0),12/06/23 23:00:00,A,YR,T,HLY_0,BE,2006,63.2,
ESTAT:HLTH_HLYE(1.0),12/06/23 23:00:00,A,YR,T,HLY_0,BE,2007,63.7,
ESTAT:HLTH_HLYE(1.0),12/06/23 23:00:00,A,YR,T,HLY_0,BE,2008,63.7,
ESTAT:HLTH_HLYE(1.0),12/06/23 23:00:00,A,YR,T,HLY_0,BE,2009,63.9,
ESTAT:HLTH_HLYE(1.0),12/06/23 23:00:00,A,YR,T,HLY_0,BE,2010,63.3,
ESTAT:HLTH_HLYE(1.0),12/06/23 23:00:00,A,YR,T,HLY_0,BE,2011,63.5,
ESTAT:HLTH_HLYE(1.0),12/06/23 23:00:00,A,YR,T,HLY_0,BE,2012,64.6,
ESTAT:HLTH_HLYE(1.0),12/06/23 23:00:00,A,YR,T,HLY_0,BE,2013,63.9,
ESTAT:HLTH_HLYE(1.0),12/06/23 23:00:00,A,YR,T,HLY_0,BE,2014,64.1,
ESTAT:HLTH_HLYE(1.0),12/06/23 23:00:00,A,YR,T,HLY_0,BE,2015,64.2,
ESTAT:HLTH_HLYE(1.0),12/06/23 23:00:00,A,YR,T,HLY_0,BE,2016,63.7,
ESTAT:HLTH_HLYE(1.0),12/06/23 23:00:00,A,YR,T,HLY_0,BE,2017,63.7,
ESTAT:HLTH_HLYE(1.0),12/06/23 23:00:00,A,YR,T,HLY_0,BE,2018,63.4,
ESTAT:HLTH_HLYE(1.0),12/06/23 23:00:00,A,YR,T,HLY_0,BE,2019,62.4,b
ESTAT:HLTH_HLYE(1.0),12/06/23 23:00:00,A,YR,T,HLY_0,BE,2020,63.8,
ESTAT:HLTH_HLYE(1.0),12/06/23 23:00:00,A,YR,T,HLY_0,BE,2021,64.6,
ESTAT:HLTH_HLYE(1.0),12/06/23 23:00:00,A,YR,T,HLY_0,BG,2006,69.0,
ESTAT:HLTH_HLYE(1.0),12/06/23 23:00:00,A,YR,T,HLY_0,BG,2007,70.4,
ESTAT:HLTH_HLYE(1.0),12/06/23 23:00:00,A,YR,T,HLY_0,BG,2008,63.9,b
ESTAT:HLTH_HLYE(1.0),12/06/23 23:00:00,A,YR,T,HLY_0,BG,2009,63.9,
ESTAT:HLTH_HLYE(1.0),12/06/23 23:00:00,A,YR,T,HLY_0,BG,2010,65.0,
ESTAT:HLTH_HLYE(1.0),12/06/23 23:00:00,A,YR,T,HLY_0,BG,2011,64.0,
ESTAT:HLTH_HLYE(1.0),12/06/23 23:00:00,A,YR,T,HLY_0,BG,2012,63.9,
ESTAT:HLTH_HLYE(1.0),12/06/23 23:00:00,A,YR,T,HLY_0,BG,2013,64.5,
ESTAT:HLTH_HLYE(1.0),12/06/23 23:00:00,A,YR,T,HLY_0,BG,2014,64.0,
ESTAT:HLTH_HLYE(1.0),12/06/23 23:00:00,A,YR,T,HLY_0,BG,2015,63.2,
ESTAT:HLTH_HLYE(1.0),12/06/23 23:00:00,A,YR,T,HLY_0,BG,2016,65.7,b
ESTAT:HLTH_HLYE(1.0),12/06/23 23:00:00,A,YR,T,HLY_0,BG,2017,64.5,
ESTAT:HLTH_HLYE(1.0),12/06/23 23:00:00,A,YR,T,HLY_0,BG,2018,65.8,
ESTAT:HLTH_HLYE(1.0),12/06/23 23:00:00,A,YR,T,HLY_0,BG,2019,66.3,
ESTAT:HLTH_HLYE(1.0),12/06/23 23:00:00,A,YR,T,HLY_0,BG,2020,65.6,
ESTAT:HLTH_HLYE(1.0),12/06/23 23:00:00,A,YR,T,HLY_0,BG,2021,63.3,
ESTAT:HLTH_HLYE(1.0),12/06/23 23:00:00,A,YR,T,HLY_0,CH,2007,64.5,
ESTAT:HLTH_HLYE(1.0),12/06/23 23:00:00,A,YR,T,HLY_0,CH,2008,65.2,
ESTAT:HLTH_HLYE(1.0),12/06/23 23:00:00,A,YR,T,HLY_0,CH,2009,64.2,
ESTAT:HLTH_HLYE(1.0),12/06/23 23:00:00,A,YR,T,HLY_0,CH,2010,64.5,
ESTAT:HLTH_HLYE(1.0),12/06/23 23:00:00,A,YR,T,HLY_0,CH,2011,65.5,
ESTAT:HLTH_HLYE(1.0),12/06/23 23:00:00,A,YR,T,HLY_0,CH,2012,68.2,
ESTAT:HLTH_HLYE(1.0),12/06/23 23:00:00,A,YR,T,HLY_0,CH,2013,60.0,b
ESTAT:HLTH_HLYE(1.0),12/06/23 23:00:00,A,YR,T,HLY_0,CH,2014,58.6,
ESTAT:HLTH_HLYE(1.0),12/06/23 23:00:00,A,YR,T,HLY_0,CH,2015,59.4,
ESTAT:HLTH_HLYE(1.0),12/06/23 23:00:00,A,YR,T,HLY_0,CH,2016,59.4,
ESTAT:HLTH_HLYE(1.0),12/06/23 23:00:00,A,YR,T,HLY_0,CH,2017,60.6,
ESTAT:HLTH_HLYE(1.0),12/06/23 23:00:00,A,YR,T,HLY_0,CH,2018,60.5,
ESTAT:HLTH_HLYE(1.0),12/06/23 23:00:00,A,YR,T,HLY_0,CH,2019,60.6,
ESTAT:HLTH_HLYE(1.0),12/06/23 23:00:00,A,YR,T,HLY_0,CH,2020,61.5,
ESTAT:HLTH_HLYE(1.0),12/06/23 23:00:00,A,YR,T,HLY_0,CH,2021,61.4,
ESTAT:HLTH_HLYE(1.0),12/06/23 23:00:00,A,YR,T,HLY_0,CY,2005,59.0,
ESTAT:HLTH_HLYE(1.0),12/06/23 23:00:00,A,YR,T,HLY_0,CY,2006,63.7,b
ESTAT:HLTH_HLYE(1.0),12/06/23 23:00:00,A,YR,T,HLY_0,CY,2007,63.0,
ESTAT:HLTH_HLYE(1.0),12/06/23 23:00:00,A,YR,T,HLY_0,CY,2008,64.2,
ESTAT:HLTH_HLYE(1.0),12/06/23 23:00:00,A,YR,T,HLY_0,CY,2009,65.0,
ESTAT:HLTH_HLYE(1.0),12/06/23 23:00:00,A,YR,T,HLY_0,CY,2010,64.7,
ESTAT:HLTH_HLYE(1.0),12/06/23 23:00:00,A,YR,T,HLY_0,CY,2011,61.3,
ESTAT:HLTH_HLYE(1.0),12/06/23 23:00:00,A,YR,T,HLY_0,CY,2012,63.7,
ESTAT:HLTH_HLYE(1.0),12/06/23 23:00:00,A,YR,T,HLY_0,CY,2013,64.7,
ESTAT:HLTH_HLYE(1.0),12/06/23 23:00:00,A,YR,T,HLY_0,CY,2014,66.0,
ESTAT:HLTH_HLYE(1.0),12/06/23 23:00:00,A,YR,T,HLY_0,CY,2015,63.3,
ESTAT:HLTH_HLYE(1.0),12/06/23 23:00:00,A,YR,T,HLY_0,CY,2016,68.2,
ESTAT:HLTH_HLYE(1.0),12/06/23 23:00:00,A,YR,T,HLY_0,CY,2017,65.2,
ESTAT:HLTH_HLYE(1.0),12/06/23 23:00:00,A,YR,T,HLY_0,CY,2018,62.2,
ESTAT:HLTH_HLYE(1.0),12/06/23 23:00:00,A,YR,T,HLY_0,CY,2019,62.5,
ESTAT:HLTH_HLYE(1.0),12/06/23 23:00:00,A,YR,T,HLY_0,CY,2020,62.9,
ESTAT:HLTH_HLYE(1.0),12/06/23 23:00:00,A,YR,T,HLY_0,CY,2021,65.7,
ESTAT:HLTH_HLYE(1.0),12/06/23 23:00:00,A,YR,T,HLY_0,CZ,2005,59.0,
ESTAT:HLTH_HLYE(1.0),12/06/23 23:00:00,A,YR,T,HLY_0,CZ,2006,58.9,
ESTAT:HLTH_HLYE(1.0),12/06/23 23:00:00,A,YR,T,HLY_0,CZ,2007,62.4,b
ESTAT:HLTH_HLYE(1.0),12/06/23 23:00:00,A,YR,T,HLY_0,CZ,2008,62.4,
ESTAT:HLTH_HLYE(1.0),12/06/23 23:00:00,A,YR,T,HLY_0,CZ,2009,61.8,
ESTAT:HLTH_HLYE(1.0),12/06/23 23:00:00,A,YR,T,HLY_0,CZ,2010,63.3,
ESTAT:HLTH_HLYE(1.0),12/06/23 23:00:00,A,YR,T,HLY_0,CZ,2011,62.9,
ESTAT:HLTH_HLYE(1.0),12/06/23 23:00:00,A,YR,T,HLY_0,CZ,2012,63.2,
ESTAT:HLTH_HLYE(1.0),12/06/23 23:00:00,A,YR,T,HLY_0,CZ,2013,63.3,
ESTAT:HLTH_HLYE(1.0),12/06/23 23:00:00,A,YR,T,HLY_0,CZ,2014,64.1,
ESTAT:HLTH_HLYE(1.0),12/06/23 23:00:00,A,YR,T,HLY_0,CZ,2015,63.0,
ESTAT:HLTH_HLYE(1.0),12/06/23 23:00:00,A,YR,T,HLY_0,CZ,2016,63.3,
ESTAT:HLTH_HLYE(1.0),12/06/23 23:00:00,A,YR,T,HLY_0,CZ,2017,61.4,
ESTAT:HLTH_HLYE(1.0),12/06/23 23:00:00,A,YR,T,HLY_0,CZ,2018,62.7,
ESTAT:HLTH_HLYE(1.0),12/06/23 23:00:00,A,YR,T,HLY_0,CZ,2019,62.0,
ESTAT:HLTH_HLYE(1.0),12/06/23 23:00:00,A,YR,T,HLY_0,CZ,2020,61.6,
ESTAT:HLTH_HLYE(1.0),12/06/23 23:00:00,A,YR,T,HLY_0,CZ,2021,62,
ESTAT:HLTH_HLYE(1.0),12/06/23 23:00:00,A,YR,T,HLY_0,DE,2005,54.6,
ESTAT:HLTH_HLYE(1.0),12/06/23 23:00:00,A,YR,T,HLY_0,DE,2006,58.5,b
ESTAT:HLTH_HLYE(1.0),12/06/23 23:00:00,A,YR,T,HLY_0,DE,2007,58.8,
ESTAT:HLTH_HLYE(1.0),12/06/23 23:00:00,A,YR,T,HLY_0,DE,2008,57.0,b
ESTAT:HLTH_HLYE(1.0),12/06/23 23:00:00,A,YR,T,HLY_0,DE,2009,57.6,
ESTAT:HLTH_HLYE(1.0),12/06/23 23:00:00,A,YR,T,HLY_0,DE,2010,58.3,
ESTAT:HLTH_HLYE(1.0),12/06/23 23:00:00,A,YR,T,HLY_0,DE,2011,58.2,
ESTAT:HLTH_HLYE(1.0),12/06/23 23:00:00,A,YR,T,HLY_0,DE,2012,57.6,
ESTAT:HLTH_HLYE(1.0),12/06/23 23:00:00,A,YR,T,HLY_0,DE,2013,57.4,
ESTAT:HLTH_HLYE(1.0),12/06/23 23:00:00,A,YR,T,HLY_0,DE,2014,56.5,
ESTAT:HLTH_HLYE(1.0),12/06/23 23:00:00,A,YR,T,HLY_0,DE,2015,66.4,b
ESTAT:HLTH_HLYE(1.0),12/06/23 23:00:00,A,YR,T,HLY_0,DE,2016,66.4,
ESTAT:HLTH_HLYE(1.0),12/06/23 23:00:00,A,YR,T,HLY_0,DE,2017,66.0,
ESTAT:HLTH_HLYE(1.0),12/06/23 23:00:00,A,YR,T,HLY_0,DE,2018,65.8,
ESTAT:HLTH_HLYE(1.0),12/06/23 23:00:00,A,YR,T,HLY_0,DE,2019,66.3,
ESTAT:HLTH_HLYE(1.0),12/06/23 23:00:00,A,YR,T,HLY_0,DE,2020,65.7,b
ESTAT:HLTH_HLYE(1.0),12/06/23 23:00:00,A,YR,T,HLY_0,DE,2021,65.6,
ESTAT:HLTH_HLYE(1.0),12/06/23 23:00:00,A,YR,T,HLY_0,DK,2004,68.6,
ESTAT:HLTH_HLYE(1.0),12/06/23 23:00:00,A,YR,T,HLY_0,DK,2005,68.4,
ESTAT:HLTH_HLYE(1.0),12/06/23 23:00:00,A,YR,T,HLY_0,DK,2006,67.5,
ESTAT:HLTH_HLYE(1.0),12/06/23 23:00:00,A,YR,T,HLY_0,DK,2007,67.5,
ESTAT:HLTH_HLYE(1.0),12/06/23 23:00:00,A,YR,T,HLY_0,DK,2008,61.6,b
ESTAT:HLTH_HLYE(1.0),12/06/23 23:00:00,A,YR,T,HLY_0,DK,2009,61.1,
ESTAT:HLTH_HLYE(1.0),12/06/23 23:00:00,A,YR,T,HLY_0,DK,2010,62.0,
ESTAT:HLTH_HLYE(1.0),12/06/23 23:00:00,A,YR,T,HLY_0,DK,2011,61.8,
ESTAT:HLTH_HLYE(1.0),12/06/23 23:00:00,A,YR,T,HLY_0,DK,2012,61.4,
ESTAT:HLTH_HLYE(1.0),12/06/23 23:00:00,A,YR,T,HLY_0,DK,2013,60.5,
ESTAT:HLTH_HLYE(1.0),12/06/23 23:00:00,A,YR,T,HLY_0,DK,2014,60.9,
ESTAT:HLTH_HLYE(1.0),12/06/23 23:00:00,A,YR,T,HLY_0,DK,2015,59.1,
ESTAT:HLTH_HLYE(1.0),12/06/23 23:00:00,A,YR,T,HLY_0,DK,2016,60.3,
ESTAT:HLTH_HLYE(1.0),12/06/23 23:00:00,A,YR,T,HLY_0,DK,2017,59.7,
ESTAT:HLTH_HLYE(1.0),12/06/23 23:00:00,A,YR,T,HLY_0,DK,2018,60.9,
ESTAT:HLTH_HLYE(1.0),12/06/23 23:00:00,A,YR,T,HLY_0,DK,2019,58.9,
ESTAT:HLTH_HLYE(1.0),12/06/23 23:00:00,A,YR,T,HLY_0,DK,2020,58.0,b
ESTAT:HLTH_HLYE(1.0),12/06/23 23:00:00,A,YR,T,HLY_0,DK,2021,56.6,
ESTAT:HLTH_HLYE(1.0),12/06/23 23:00:00,A,YR,T,HLY_0,EE,2004,51.9,
ESTAT:HLTH_HLYE(1.0),12/06/23 23:00:00,A,YR,T,HLY_0,EE,2005,50.4,
ESTAT:HLTH_HLYE(1.0),12/06/23 23:00:00,A,YR,T,HLY_0,EE,2006,51.8,
ESTAT:HLTH_HLYE(1.0),12/06/23 23:00:00,A,YR,T,HLY_0,EE,2007,52.3,
ESTAT:HLTH_HLYE(1.0),12/06/23 23:00:00,A,YR,T,HLY_0,EE,2008,55.3,b
ESTAT:HLTH_HLYE(1.0),12/06/23 23:00:00,A,YR,T,HLY_0,EE,2009,57.1,
ESTAT:HLTH_HLYE(1.0),12/06/23 23:00:00,A,YR,T,HLY_0,EE,2010,56.2,
ESTAT:HLTH_HLYE(1.0),12/06/23 23:00:00,A,YR,T,HLY_0,EE,2011,56.1,
ESTAT:HLTH_HLYE(1.0),12/06/23 23:00:00,A,YR,T,HLY_0,EE,2012,55.1,
ESTAT:HLTH_HLYE(1.0),12/06/23 23:00:00,A,YR,T,HLY_0,EE,2013,55.5,
ESTAT:HLTH_HLYE(1.0),12/06/23 23:00:00,A,YR,T,HLY_0,EE,2014,55.2,
ESTAT:HLTH_HLYE(1.0),12/06/23 23:00:00,A,YR,T,HLY_0,EE,2015,55.0,
ESTAT:HLTH_HLYE(1.0),12/06/23 23:00:00,A,YR,T,HLY_0,EE,2016,56.8,
ESTAT:HLTH_HLYE(1.0),12/06/23 23:00:00,A,YR,T,HLY_0,EE,2017,56.0,
ESTAT:HLTH_HLYE(1.0),12/06/23 23:00:00,A,YR,T,HLY_0,EE,2018,53.9,
ESTAT:HLTH_HLYE(1.0),12/06/23 23:00:00,A,YR,T,HLY_0,EE,2019,55.8,
ESTAT:HLTH_HLYE(1.0),12/06/23 23:00:00,A,YR,T,HLY_0,EE,2020,57.6,
ESTAT:HLTH_HLYE(1.0),12/06/23 23:00:00,A,YR,T,HLY_0,EE,2021,56.5,
ESTAT:HLTH_HLYE(1.0),12/06/23 23:00:00,A,YR,T,HLY_0,EL,2004,64.8,
ESTAT:HLTH_HLYE(1.0),12/06/23 23:00:00,A,YR,T,HLY_0,EL,2005,66.8,
ESTAT:HLTH_HLYE(1.0),12/06/23 23:00:00,A,YR,T,HLY_0,EL,2006,67.4,
ESTAT:HLTH_HLYE(1.0),12/06/23 23:00:00,A,YR,T,HLY_0,EL,2007,66.8,
ESTAT:HLTH_HLYE(1.0),12/06/23 23:00:00,A,YR,T,HLY_0,EL,2008,65.9,b
ESTAT:HLTH_HLYE(1.0),12/06/23 23:00:00,A,YR,T,HLY_0,EL,2009,66.4,
ESTAT:HLTH_HLYE(1.0),12/06/23 23:00:00,A,YR,T,HLY_0,EL,2010,66.9,
ESTAT:HLTH_HLYE(1.0),12/06/23 23:00:00,A,YR,T,HLY_0,EL,2011,66.6,
ESTAT:HLTH_HLYE(1.0),12/06/23 23:00:00,A,YR,T,HLY_0,EL,2012,64.9,
ESTAT:HLTH_HLYE(1.0),12/06/23 23:00:00,A,YR,T,HLY_0,EL,2013,64.9,
ESTAT:HLTH_HLYE(1.0),12/06/23 23:00:00,A,YR,T,HLY_0,EL,2014,64.5,
ESTAT:HLTH_HLYE(1.0),12/06/23 23:00:00,A,YR,T,HLY_0,EL,2015,64.0,
ESTAT:HLTH_HLYE(1.0),12/06/23 23:00:00,A,YR,T,HLY_0,EL,2016,64.3,
ESTAT:HLTH_HLYE(1.0),12/06/23 23:00:00,A,YR,T,HLY_0,EL,2017,64.8,
ESTAT:HLTH_HLYE(1.0),12/06/23 23:00:00,A,YR,T,HLY_0,EL,2018,65.4,
ESTAT:HLTH_HLYE(1.0),12/06/23 23:00:00,A,YR,T,HLY_0,EL,2019,66.0,
ESTAT:HLTH_HLYE(1.0),12/06/23 23:00:00,A,YR,T,HLY_0,EL,2020,65.9,
ESTAT:HLTH_HLYE(1.0),12/06/23 23:00:00,A,YR,T,HLY_0,EL,2021,65.6,
ESTAT:HLTH_HLYE(1.0),12/06/23 23:00:00,A,YR,T,HLY_0,ES,2004,62.7,
ESTAT:HLTH_HLYE(1.0),12/06/23 23:00:00,A,YR,T,HLY_0,ES,2005,63.3,
ESTAT:HLTH_HLYE(1.0),12/06/23 23:00:00,A,YR,T,HLY_0,ES,2006,63.8,
ESTAT:HLTH_HLYE(1.0),12/06/23 23:00:00,A,YR,T,HLY_0,ES,2007,63.4,
ESTAT:HLTH_HLYE(1.0),12/06/23 23:00:00,A,YR,T,HLY_0,ES,2008,63.8,b
ESTAT:HLTH_HLYE(1.0),12/06/23 23:00:00,A,YR,T,HLY_0,ES,2009,62.7,
ESTAT:HLTH_HLYE(1.0),12/06/23 23:00:00,A,YR,T,HLY_0,ES,2010,64.2,
ESTAT:HLTH_HLYE(1.0),12/06/23 23:00:00,A,YR,T,HLY_0,ES,2011,65.5,
ESTAT:HLTH_HLYE(1.0),12/06/23 23:00:00,A,YR,T,HLY_0,ES,2012,65.3,
ESTAT:HLTH_HLYE(1.0),12/06/23 23:00:00,A,YR,T,HLY_0,ES,2013,64.3,
ESTAT:HLTH_HLYE(1.0),12/06/23 23:00:00,A,YR,T,HLY_0,ES,2014,65.0,
ESTAT:HLTH_HLYE(1.0),12/06/23 23:00:00,A,YR,T,HLY_0,ES,2015,64.0,
ESTAT:HLTH_HLYE(1.0),12/06/23 23:00:00,A,YR,T,HLY_0,ES,2016,66.2,
ESTAT:HLTH_HLYE(1.0),12/06/23 23:00:00,A,YR,T,HLY_0,ES,2017,69.4,
ESTAT:HLTH_HLYE(1.0),12/06/23 23:00:00,A,YR,T,HLY_0,ES,2018,68.0,
ESTAT:HLTH_HLYE(1.0),12/06/23 23:00:00,A,YR,T,HLY_0,ES,2019,69.9,
ESTAT:HLTH_HLYE(1.0),12/06/23 23:00:00,A,YR,T,HLY_0,ES,2020,66.3,
ESTAT:HLTH_HLYE(1.0),12/06/23 23:00:00,A,YR,T,HLY_0,ES,2021,62.8,
ESTAT:HLTH_HLYE(1.0),12/06/23 23:00:00,A,YR,T,HLY_0,FI,2004,53.2,
ESTAT:HLTH_HLYE(1.0),12/06/23 23:00:00,A,YR,T,HLY_0,FI,2005,52.1,
ESTAT:HLTH_HLYE(1.0),12/06/23 23:00:00,A,YR,T,HLY_0,FI,2006,52.9,
ESTAT:HLTH_HLYE(1.0),12/06/23 23:00:00,A,YR,T,HLY_0,FI,2007,57.3,b
ESTAT:HLTH_HLYE(1.0),12/06/23 23:00:00,A,YR,T,HLY_0,FI,2008,59.1,
ESTAT:HLTH_HLYE(1.0),12/06/23 23:00:00,A,YR,T,HLY_0,FI,2009,58.4,
ESTAT:HLTH_HLYE(1.0),12/06/23 23:00:00,A,YR,T,HLY_0,FI,2010,58.2,
ESTAT:HLTH_HLYE(1.0),12/06/23 23:00:00,A,YR,T,HLY_0,FI,2011,58.0,
ESTAT:HLTH_HLYE(1.0),12/06/23 23:00:00,A,YR,T,HLY_0,FI,2012,56.7,
ESTAT:HLTH_HLYE(1.0),12/06/23 23:00:00,A,YR,T,HLY_0,FI,2014,58.2,
ESTAT:HLTH_HLYE(1.0),12/06/23 23:00:00,A,YR,T,HLY_0,FI,2015,57.8,
ESTAT:HLTH_HLYE(1.0),12/06/23 23:00:00,A,YR,T,HLY_0,FI,2016,58.1,
ESTAT:HLTH_HLYE(1.0),12/06/23 23:00:00,A,YR,T,HLY_0,FI,2017,57.4,
ESTAT:HLTH_HLYE(1.0),12/06/23 23:00:00,A,YR,T,HLY_0,FI,2018,57.4,
ESTAT:HLTH_HLYE(1.0),12/06/23 23:00:00,A,YR,T,HLY_0,FI,2019,56.4,
ESTAT:HLTH_HLYE(1.0),12/06/23 23:00:00,A,YR,T,HLY_0,FI,2020,56.9,
ESTAT:HLTH_HLYE(1.0),12/06/23 23:00:00,A,YR,T,HLY_0,FI,2021,61.7,
ESTAT:HLTH_HLYE(1.0),12/06/23 23:00:00,A,YR,T,HLY_0,FR,2004,62.9,
ESTAT:HLTH_HLYE(1.0),12/06/23 23:00:00,A,YR,T,HLY_0,FR,2005,63.5,
ESTAT:HLTH_HLYE(1.0),12/06/23 23:00:00,A,YR,T,HLY_0,FR,2006,63.6,
ESTAT:HLTH_HLYE(1.0),12/06/23 23:00:00,A,YR,T,HLY_0,FR,2007,63.6,
ESTAT:HLTH_HLYE(1.0),12/06/23 23:00:00,A,YR,T,HLY_0,FR,2008,63.7,
ESTAT:HLTH_HLYE(1.0),12/06/23 23:00:00,A,YR,T,HLY_0,FR,2009,63.1,
ESTAT:HLTH_HLYE(1.0),12/06/23 23:00:00,A,YR,T,HLY_0,FR,2010,62.6,
ESTAT:HLTH_HLYE(1.0),12/06/23 23:00:00,A,YR,T,HLY_0,FR,2011,63.1,
ESTAT:HLTH_HLYE(1.0),12/06/23 23:00:00,A,YR,T,HLY_0,FR,2012,63.2,
ESTAT:HLTH_HLYE(1.0),12/06/23 23:00:00,A,YR,T,HLY_0,FR,2013,63.6,
ESTAT:HLTH_HLYE(1.0),12/06/23 23:00:00,A,YR,T,HLY_0,FR,2014,63.8,
ESTAT:HLTH_HLYE(1.0),12/06/23 23:00:00,A,YR,T,HLY_0,FR,2015,63.6,
ESTAT:HLTH_HLYE(1.0),12/06/23 23:00:00,A,YR,T,HLY_0,FR,2016,63.4,
ESTAT:HLTH_HLYE(1.0),12/06/23 23:00:00,A,YR,T,HLY_0,FR,2017,63.7,
ESTAT:HLTH_HLYE(1.0),12/06/23 23:00:00,A,YR,T,HLY_0,FR,2018,63.9,
ESTAT:HLTH_HLYE(1.0),12/06/23 23:00:00,A,YR,T,HLY_0,FR,2019,64.1,
ESTAT:HLTH_HLYE(1.0),12/06/23 23:00:00,A,YR,T,HLY_0,FR,2020,64.6,b
ESTAT:HLTH_HLYE(1.0),12/06/23 23:00:00,A,YR,T,HLY_0,FR,2021,66.2,
ESTAT:HLTH_HLYE(1.0),12/06/23 23:00:00,A,YR,T,HLY_0,HR,2010,59.0,
ESTAT:HLTH_HLYE(1.0),12/06/23 23:00:00,A,YR,T,HLY_0,HR,2011,60.7,
ESTAT:HLTH_HLYE(1.0),12/06/23 23:00:00,A,YR,T,HLY_0,HR,2012,63.1,b
ESTAT:HLTH_HLYE(1.0),12/06/23 23:00:00,A,YR,T,HLY_0,HR,2013,59.0,b
ESTAT:HLTH_HLYE(1.0),12/06/23 23:00:00,A,YR,T,HLY_0,HR,2014,59.3,
ESTAT:HLTH_HLYE(1.0),12/06/23 23:00:00,A,YR,T,HLY_0,HR,2015,56.1,
ESTAT:HLTH_HLYE(1.0),12/06/23 23:00:00,A,YR,T,HLY_0,HR,2016,57.9,
ESTAT:HLTH_HLYE(1.0),12/06/23 23:00:00,A,YR,T,HLY_0,HR,2017,57.6,
ESTAT:HLTH_HLYE(1.0),12/06/23 23:00:00,A,YR,T,HLY_0,HR,2018,57.5,
ESTAT:HLTH_HLYE(1.0),12/06/23 23:00:00,A,YR,T,HLY_0,HR,2019,57.4,
ESTAT:HLTH_HLYE(1.0),12/06/23 23:00:00,A,YR,T,HLY_0,HR,2020,58.5,
ESTAT:HLTH_HLYE(1.0),12/06/23 23:00:00,A,YR,T,HLY_0,HR,2021,58.6,
ESTAT:HLTH_HLYE(1.0),12/06/23 23:00:00,A,YR,T,HLY_0,HU,2005,53.2,
ESTAT:HLTH_HLYE(1.0),12/06/23 23:00:00,A,YR,T,HLY_0,HU,2006,55.8,
ESTAT:HLTH_HLYE(1.0),12/06/23 23:00:00,A,YR,T,HLY_0,HU,2007,56.5,
ESTAT:HLTH_HLYE(1.0),12/06/23 23:00:00,A,YR,T,HLY_0,HU,2008,56.5,
ESTAT:HLTH_HLYE(1.0),12/06/23 23:00:00,A,YR,T,HLY_0,HU,2009,57.0,
ESTAT:HLTH_HLYE(1.0),12/06/23 23:00:00,A,YR,T,HLY_0,HU,2010,57.5,
ESTAT:HLTH_HLYE(1.0),12/06/23 23:00:00,A,YR,T,HLY_0,HU,2011,58.4,
ESTAT:HLTH_HLYE(1.0),12/06/23 23:00:00,A,YR,T,HLY_0,HU,2012,59.8,
ESTAT:HLTH_HLYE(1.0),12/06/23 23:00:00,A,YR,T,HLY_0,HU,2013,59.5,
ESTAT:HLTH_HLYE(1.0),12/06/23 23:00:00,A,YR,T,HLY_0,HU,2014,59.9,
ESTAT:HLTH_HLYE(1.0),12/06/23 23:00:00,A,YR,T,HLY_0,HU,2015,59.1,
ESTAT:HLTH_HLYE(1.0),12/06/23 23:00:00,A,YR,T,HLY_0,HU,2016,59.8,
ESTAT:HLTH_HLYE(1.0),12/06/23 23:00:00,A,YR,T,HLY_0,HU,2017,60.2,
ESTAT:HLTH_HLYE(1.0),12/06/23 23:00:00,A,YR,T,HLY_0,HU,2018,61.1,
ESTAT:HLTH_HLYE(1.0),12/06/23 23:00:00,A,YR,T,HLY_0,HU,2019,61.7,
ESTAT:HLTH_HLYE(1.0),12/06/23 23:00:00,A,YR,T,HLY_0,HU,2020,62.5,
ESTAT:HLTH_HLYE(1.0),12/06/23 23:00:00,A,YR,T,HLY_0,HU,2021,62.5,
ESTAT:HLTH_HLYE(1.0),12/06/23 23:00:00,A,YR,T,HLY_0,IE,2004,63.2,
ESTAT:HLTH_HLYE(1.0),12/06/23 23:00:00,A,YR,T,HLY_0,IE,2005,63.3,
ESTAT:HLTH_HLYE(1.0),12/06/23 23:00:00,A,YR,T,HLY_0,IE,2006,63.8,
ESTAT:HLTH_HLYE(1.0),12/06/23 23:00:00,A,YR,T,HLY_0,IE,2007,64.2,
ESTAT:HLTH_HLYE(1.0),12/06/23 23:00:00,A,YR,T,HLY_0,IE,2008,64.3,
ESTAT:HLTH_HLYE(1.0),12/06/23 23:00:00,A,YR,T,HLY_0,IE,2009,64.6,
ESTAT:HLTH_HLYE(1.0),12/06/23 23:00:00,A,YR,T,HLY_0,IE,2010,66.4,
ESTAT:HLTH_HLYE(1.0),12/06/23 23:00:00,A,YR,T,HLY_0,IE,2011,67.2,
ESTAT:HLTH_HLYE(1.0),12/06/23 23:00:00,A,YR,T,HLY_0,IE,2012,67.2,
ESTAT:HLTH_HLYE(1.0),12/06/23 23:00:00,A,YR,T,HLY_0,IE,2013,66.9,
ESTAT:HLTH_HLYE(1.0),12/06/23 23:00:00,A,YR,T,HLY_0,IE,2014,66.9,
ESTAT:HLTH_HLYE(1.0),12/06/23 23:00:00,A,YR,T,HLY_0,IE,2015,67.2,
ESTAT:HLTH_HLYE(1.0),12/06/23 23:00:00,A,YR,T,HLY_0,IE,2016,68.5,
ESTAT:HLTH_HLYE(1.0),12/06/23 23:00:00,A,YR,T,HLY_0,IE,2017,68.6,
ESTAT:HLTH_HLYE(1.0),12/06/23 23:00:00,A,YR,T,HLY_0,IE,2018,69.4,
ESTAT:HLTH_HLYE(1.0),12/06/23 23:00:00,A,YR,T,HLY_0,IE,2019,69.6,
ESTAT:HLTH_HLYE(1.0),12/06/23 23:00:00,A,YR,T,HLY_0,IE,2020,66.2,b
ESTAT:HLTH_HLYE(1.0),12/06/23 23:00:00,A,YR,T,HLY_0,IE,2021,67.2,
ESTAT:HLTH_HLYE(1.0),12/06/23 23:00:00,A,YR,T,HLY_0,IS,2004,64.2,
ESTAT:HLTH_HLYE(1.0),12/06/23 23:00:00,A,YR,T,HLY_0,IS,2005,66.1,
ESTAT:HLTH_HLYE(1.0),12/06/23 23:00:00,A,YR,T,HLY_0,IS,2006,67.0,
ESTAT:HLTH_HLYE(1.0),12/06/23 23:00:00,A,YR,T,HLY_0,IS,2007,72.3,b
ESTAT:HLTH_HLYE(1.0),12/06/23 23:00:00,A,YR,T,HLY_0,IS,2008,70.3,
ESTAT:HLTH_HLYE(1.0),12/06/23 23:00:00,A,YR,T,HLY_0,IS,2009,68.8,
ESTAT:HLTH_HLYE(1.0),12/06/23 23:00:00,A,YR,T,HLY_0,IS,2010,68.8,
ESTAT:HLTH_HLYE(1.0),12/06/23 23:00:00,A,YR,T,HLY_0,IS,2011,68.5,
ESTAT:HLTH_HLYE(1.0),12/06/23 23:00:00,A,YR,T,HLY_0,IS,2012,69.3,
ESTAT:HLTH_HLYE(1.0),12/06/23 23:00:00,A,YR,T,HLY_0,IS,2013,69.3,
ESTAT:HLTH_HLYE(1.0),12/06/23 23:00:00,A,YR,T,HLY_0,IS,2014,68.8,
ESTAT:HLTH_HLYE(1.0),12/06/23 23:00:00,A,YR,T,HLY_0,IS,2015,68.9,
ESTAT:HLTH_HLYE(1.0),12/06/23 23:00:00,A,YR,T,HLY_0,IS,2016,66.7,
ESTAT:HLTH_HLYE(1.0),12/06/23 23:00:00,A,YR,T,HLY_0,IS,2017,63.1,
ESTAT:HLTH_HLYE(1.0),12/06/23 23:00:00,A,YR,T,HLY_0,IS,2018,62.4,
ESTAT:HLTH_HLYE(1.0),12/06/23 23:00:00,A,YR,T,HLY_0,IT,2004,69.9,
ESTAT:HLTH_HLYE(1.0),12/06/23 23:00:00,A,YR,T,HLY_0,IT,2005,67.3,
ESTAT:HLTH_HLYE(1.0),12/06/23 23:00:00,A,YR,T,HLY_0,IT,2006,65.0,
ESTAT:HLTH_HLYE(1.0),12/06/23 23:00:00,A,YR,T,HLY_0,IT,2007,63.0,b
ESTAT:HLTH_HLYE(1.0),12/06/23 23:00:00,A,YR,T,HLY_0,IT,2008,62.4,
ESTAT:HLTH_HLYE(1.0),12/06/23 23:00:00,A,YR,T,HLY_0,IT,2009,62.9,
ESTAT:HLTH_HLYE(1.0),12/06/23 23:00:00,A,YR,T,HLY_0,IT,2011,63.0,
ESTAT:HLTH_HLYE(1.0),12/06/23 23:00:00,A,YR,T,HLY_0,IT,2012,61.8,
ESTAT:HLTH_HLYE(1.0),12/06/23 23:00:00,A,YR,T,HLY_0,IT,2013,61.6,
ESTAT:HLTH_HLYE(1.0),12/06/23 23:00:00,A,YR,T,HLY_0,IT,2014,62.4,
ESTAT:HLTH_HLYE(1.0),12/06/23 23:00:00,A,YR,T,HLY_0,IT,2015,62.6,
ESTAT:HLTH_HLYE(1.0),12/06/23 23:00:00,A,YR,T,HLY_0,IT,2016,67.4,b
ESTAT:HLTH_HLYE(1.0),12/06/23 23:00:00,A,YR,T,HLY_0,IT,2017,66.3,
ESTAT:HLTH_HLYE(1.0),12/06/23 23:00:00,A,YR,T,HLY_0,IT,2018,66.8,
ESTAT:HLTH_HLYE(1.0),12/06/23 23:00:00,A,YR,T,HLY_0,IT,2019,68.3,
ESTAT:HLTH_HLYE(1.0),12/06/23 23:00:00,A,YR,T,HLY_0,IT,2020,68.0,
ESTAT:HLTH_HLYE(1.0),12/06/23 23:00:00,A,YR,T,HLY_0,IT,2021,68.1,
ESTAT:HLTH_HLYE(1.0),12/06/23 23:00:00,A,YR,T,HLY_0,LT,2005,52.9,
ESTAT:HLTH_HLYE(1.0),12/06/23 23:00:00,A,YR,T,HLY_0,LT,2006,54.4,
ESTAT:HLTH_HLYE(1.0),12/06/23 23:00:00,A,YR,T,HLY_0,LT,2007,55.7,
ESTAT:HLTH_HLYE(1.0),12/06/23 23:00:00,A,YR,T,HLY_0,LT,2008,56.8,
ESTAT:HLTH_HLYE(1.0),12/06/23 23:00:00,A,YR,T,HLY_0,LT,2009,58.9,
ESTAT:HLTH_HLYE(1.0),12/06/23 23:00:00,A,YR,T,HLY_0,LT,2010,59.8,
ESTAT:HLTH_HLYE(1.0),12/06/23 23:00:00,A,YR,T,HLY_0,LT,2011,59.5,
ESTAT:HLTH_HLYE(1.0),12/06/23 23:00:00,A,YR,T,HLY_0,LT,2012,59.1,
ESTAT:HLTH_HLYE(1.0),12/06/23 23:00:00,A,YR,T,HLY_0,LT,2013,59.2,
ESTAT:HLTH_HLYE(1.0),12/06/23 23:00:00,A,YR,T,HLY_0,LT,2014,59.7,
ESTAT:HLTH_HLYE(1.0),12/06/23 23:00:00,A,YR,T,HLY_0,LT,2015,56.5,
ESTAT:HLTH_HLYE(1.0),12/06/23 23:00:00,A,YR,T,HLY_0,LT,2016,57.8,
ESTAT:HLTH_HLYE(1.0),12/06/23 23:00:00,A,YR,T,HLY_0,LT,2017,58.1,
ESTAT:HLTH_HLYE(1.0),12/06/23 23:00:00,A,YR,T,HLY_0,LT,2018,57.7,
ESTAT:HLTH_HLYE(1.0),12/06/23 23:00:00,A,YR,T,HLY_0,LT,2019,57.5,
ESTAT:HLTH_HLYE(1.0),12/06/23 23:00:00,A,YR,T,HLY_0,LT,2020,56.8,
ESTAT:HLTH_HLYE(1.0),12/06/23 23:00:00,A,YR,T,HLY_0,LT,2021,57.6,
ESTAT:HLTH_HLYE(1.0),12/06/23 23:00:00,A,YR,T,HLY_0,LU,2004,59.9,
ESTAT:HLTH_HLYE(1.0),12/06/23 23:00:00,A,YR,T,HLY_0,LU,2005,62.4,
ESTAT:HLTH_HLYE(1.0),12/06/23 23:00:00,A,YR,T,HLY_0,LU,2006,61.7,
ESTAT:HLTH_HLYE(1.0),12/06/23 23:00:00,A,YR,T,HLY_0,LU,2007,63.5,
ESTAT:HLTH_HLYE(1.0),12/06/23 23:00:00,A,YR,T,HLY_0,LU,2008,64.6,
ESTAT:HLTH_HLYE(1.0),12/06/23 23:00:00,A,YR,T,HLY_0,LU,2009,65.7,
ESTAT:HLTH_HLYE(1.0),12/06/23 23:00:00,A,YR,T,HLY_0,LU,2010,65.5,
ESTAT:HLTH_HLYE(1.0),12/06/23 23:00:00,A,YR,T,HLY_0,LU,2011,66.5,
ESTAT:HLTH_HLYE(1.0),12/06/23 23:00:00,A,YR,T,HLY_0,LU,2012,66.1,
ESTAT:HLTH_HLYE(1.0),12/06/23 23:00:00,A,YR,T,HLY_0,LU,2013,63.3,
ESTAT:HLTH_HLYE(1.0),12/06/23 23:00:00,A,YR,T,HLY_0,LU,2014,63.8,
ESTAT:HLTH_HLYE(1.0),12/06/23 23:00:00,A,YR,T,HLY_0,LU,2015,62.2,
ESTAT:HLTH_HLYE(1.0),12/06/23 23:00:00,A,YR,T,HLY_0,LU,2016,60.2,b
ESTAT:HLTH_HLYE(1.0),12/06/23 23:00:00,A,YR,T,HLY_0,LU,2017,59.2,
ESTAT:HLTH_HLYE(1.0),12/06/23 23:00:00,A,YR,T,HLY_0,LU,2018,60.7,
ESTAT:HLTH_HLYE(1.0),12/06/23 23:00:00,A,YR,T,HLY_0,LU,2019,62.6,
ESTAT:HLTH_HLYE(1.0),12/06/23 23:00:00,A,YR,T,HLY_0,LU,2020,63.3,b
ESTAT:HLTH_HLYE(1.0),12/06/23 23:00:00,A,YR,T,HLY_0,LU,2021,62.0,b
ESTAT:HLTH_HLYE(1.0),12/06/23 23:00:00,A,YR,T,HLY_0,LV,2005,51.9,
ESTAT:HLTH_HLYE(1.0),12/06/23 23:00:00,A,YR,T,HLY_0,LV,2006,51.7,
ESTAT:HLTH_HLYE(1.0),12/06/23 23:00:00,A,YR,T,HLY_0,LV,2007,53.1,
ESTAT:HLTH_HLYE(1.0),12/06/23 23:00:00,A,YR,T,HLY_0,LV,2008,53.0,
ESTAT:HLTH_HLYE(1.0),12/06/23 23:00:00,A,YR,T,HLY_0,LV,2009,54.1,
ESTAT:HLTH_HLYE(1.0),12/06/23 23:00:00,A,YR,T,HLY_0,LV,2010,54.8,
ESTAT:HLTH_HLYE(1.0),12/06/23 23:00:00,A,YR,T,HLY_0,LV,2011,55.1,
ESTAT:HLTH_HLYE(1.0),12/06/23 23:00:00,A,YR,T,HLY_0,LV,2012,56.8,
ESTAT:HLTH_HLYE(1.0),12/06/23 23:00:00,A,YR,T,HLY_0,LV,2013,53.0,b
ESTAT:HLTH_HLYE(1.0),12/06/23 23:00:00,A,YR,T,HLY_0,LV,2014,53.4,
ESTAT:HLTH_HLYE(1.0),12/06/23 23:00:00,A,YR,T,HLY_0,LV,2015,53.0,
ESTAT:HLTH_HLYE(1.0),12/06/23 23:00:00,A,YR,T,HLY_0,LV,2016,53.6,
ESTAT:HLTH_HLYE(1.0),12/06/23 23:00:00,A,YR,T,HLY_0,LV,2017,51.4,
ESTAT:HLTH_HLYE(1.0),12/06/23 23:00:00,A,YR,T,HLY_0,LV,2018,52.3,
ESTAT:HLTH_HLYE(1.0),12/06/23 23:00:00,A,YR,T,HLY_0,LV,2019,53.1,
ESTAT:HLTH_HLYE(1.0),12/06/23 23:00:00,A,YR,T,HLY_0,LV,2020,53.4,
ESTAT:HLTH_HLYE(1.0),12/06/23 23:00:00,A,YR,T,HLY_0,LV,2021,53.8,
ESTAT:HLTH_HLYE(1.0),12/06/23 23:00:00,A,YR,T,HLY_0,MT,2005,69.6,
ESTAT:HLTH_HLYE(1.0),12/06/23 23:00:00,A,YR,T,HLY_0,MT,2006,69.0,
ESTAT:HLTH_HLYE(1.0),12/06/23 23:00:00,A,YR,T,HLY_0,MT,2007,70.2,
ESTAT:HLTH_HLYE(1.0),12/06/23 23:00:00,A,YR,T,HLY_0,MT,2008,70.4,
ESTAT:HLTH_HLYE(1.0),12/06/23 23:00:00,A,YR,T,HLY_0,MT,2009,70.2,
ESTAT:HLTH_HLYE(1.0),12/06/23 23:00:00,A,YR,T,HLY_0,MT,2010,70.7,
ESTAT:HLTH_HLYE(1.0),12/06/23 23:00:00,A,YR,T,HLY_0,MT,2011,70.3,
ESTAT:HLTH_HLYE(1.0),12/06/23 23:00:00,A,YR,T,HLY_0,MT,2012,71.9,
ESTAT:HLTH_HLYE(1.0),12/06/23 23:00:00,A,YR,T,HLY_0,MT,2013,72.1,
ESTAT:HLTH_HLYE(1.0),12/06/23 23:00:00,A,YR,T,HLY_0,MT,2014,73.4,
ESTAT:HLTH_HLYE(1.0),12/06/23 23:00:00,A,YR,T,HLY_0,MT,2015,73.6,
ESTAT:HLTH_HLYE(1.0),12/06/23 23:00:00,A,YR,T,HLY_0,MT,2016,71.7,
ESTAT:HLTH_HLYE(1.0),12/06/23 23:00:00,A,YR,T,HLY_0,MT,2017,72.7,
ESTAT:HLTH_HLYE(1.0),12/06/23 23:00:00,A,YR,T,HLY_0,MT,2018,72.7,
ESTAT:HLTH_HLYE(1.0),12/06/23 23:00:00,A,YR,T,HLY_0,MT,2019,73.2,
ESTAT:HLTH_HLYE(1.0),12/06/23 23:00:00,A,YR,T,HLY_0,MT,2020,70.5,
ESTAT:HLTH_HLYE(1.0),12/06/23 23:00:00,A,YR,T,HLY_0,MT,2021,68.7,
ESTAT:HLTH_HLYE(1.0),12/06/23 23:00:00,A,YR,T,HLY_0,NL,2005,64.5,
ESTAT:HLTH_HLYE(1.0),12/06/23 23:00:00,A,YR,T,HLY_0,NL,2006,64.3,
ESTAT:HLTH_HLYE(1.0),12/06/23 23:00:00,A,YR,T,HLY_0,NL,2007,65.2,
ESTAT:HLTH_HLYE(1.0),12/06/23 23:00:00,A,YR,T,HLY_0,NL,2008,61.2,b
ESTAT:HLTH_HLYE(1.0),12/06/23 23:00:00,A,YR,T,HLY_0,NL,2009,60.9,
ESTAT:HLTH_HLYE(1.0),12/06/23 23:00:00,A,YR,T,HLY_0,NL,2010,60.7,
ESTAT:HLTH_HLYE(1.0),12/06/23 23:00:00,A,YR,T,HLY_0,NL,2011,61.5,
ESTAT:HLTH_HLYE(1.0),12/06/23 23:00:00,A,YR,T,HLY_0,NL,2012,61.2,
ESTAT:HLTH_HLYE(1.0),12/06/23 23:00:00,A,YR,T,HLY_0,NL,2013,59.5,
ESTAT:HLTH_HLYE(1.0),12/06/23 23:00:00,A,YR,T,HLY_0,NL,2014,61.2,
ESTAT:HLTH_HLYE(1.0),12/06/23 23:00:00,A,YR,T,HLY_0,NL,2015,59.1,
ESTAT:HLTH_HLYE(1.0),12/06/23 23:00:00,A,YR,T,HLY_0,NL,2016,60.3,b
ESTAT:HLTH_HLYE(1.0),12/06/23 23:00:00,A,YR,T,HLY_0,NL,2017,60.0,
ESTAT:HLTH_HLYE(1.0),12/06/23 23:00:00,A,YR,T,HLY_0,NL,2018,59.2,
ESTAT:HLTH_HLYE(1.0),12/06/23 23:00:00,A,YR,T,HLY_0,NL,2019,61.0,
ESTAT:HLTH_HLYE(1.0),12/06/23 23:00:00,A,YR,T,HLY_0,NL,2020,61.1,
ESTAT:HLTH_HLYE(1.0),12/06/23 23:00:00,A,YR,T,HLY_0,NL,2021,60.3,
ESTAT:HLTH_HLYE(1.0),12/06/23 23:00:00,A,YR,T,HLY_0,NO,2004,65.6,
ESTAT:HLTH_HLYE(1.0),12/06/23 23:00:00,A,YR,T,HLY_0,NO,2005,65.2,
ESTAT:HLTH_HLYE(1.0),12/06/23 23:00:00,A,YR,T,HLY_0,NO,2006,64.6,
ESTAT:HLTH_HLYE(1.0),12/06/23 23:00:00,A,YR,T,HLY_0,NO,2007,66.3,
ESTAT:HLTH_HLYE(1.0),12/06/23 23:00:00,A,YR,T,HLY_0,NO,2008,69.5,b
ESTAT:HLTH_HLYE(1.0),12/06/23 23:00:00,A,YR,T,HLY_0,NO,2009,68.4,
ESTAT:HLTH_HLYE(1.0),12/06/23 23:00:00,A,YR,T,HLY_0,NO,2010,69.9,
ESTAT:HLTH_HLYE(1.0),12/06/23 23:00:00,A,YR,T,HLY_0,NO,2011,75.1,
ESTAT:HLTH_HLYE(1.0),12/06/23 23:00:00,A,YR,T,HLY_0,NO,2012,71.3,
ESTAT:HLTH_HLYE(1.0),12/06/23 23:00:00,A,YR,T,HLY_0,NO,2013,70.0,
ESTAT:HLTH_HLYE(1.0),12/06/23 23:00:00,A,YR,T,HLY_0,NO,2014,71.1,
ESTAT:HLTH_HLYE(1.0),12/06/23 23:00:00,A,YR,T,HLY_0,NO,2015,70.4,
ESTAT:HLTH_HLYE(1.0),12/06/23 23:00:00,A,YR,T,HLY_0,NO,2016,69.9,
ESTAT:HLTH_HLYE(1.0),12/06/23 23:00:00,A,YR,T,HLY_0,NO,2017,70.9,
ESTAT:HLTH_HLYE(1.0),12/06/23 23:00:00,A,YR,T,HLY_0,NO,2018,70.4,
ESTAT:HLTH_HLYE(1.0),12/06/23 23:00:00,A,YR,T,HLY_0,NO,2019,69.8,
ESTAT:HLTH_HLYE(1.0),12/06/23 23:00:00,A,YR,T,HLY_0,NO,2020,68.6,
ESTAT:HLTH_HLYE(1.0),12/06/23 23:00:00,A,YR,T,HLY_0,PL,2005,64.0,
ESTAT:HLTH_HLYE(1.0),12/06/23 23:00:00,A,YR,T,HLY_0,PL,2006,60.6,b
ESTAT:HLTH_HLYE(1.0),12/06/23 23:00:00,A,YR,T,HLY_0,PL,2007,59.5,
ESTAT:HLTH_HLYE(1.0),12/06/23 23:00:00,A,YR,T,HLY_0,PL,2008,60.8,
ESTAT:HLTH_HLYE(1.0),12/06/23 23:00:00,A,YR,T,HLY_0,PL,2009,60.4,
ESTAT:HLTH_HLYE(1.0),12/06/23 23:00:00,A,YR,T,HLY_0,PL,2010,60.4,
ESTAT:HLTH_HLYE(1.0),12/06/23 23:00:00,A,YR,T,HLY_0,PL,2011,61.1,
ESTAT:HLTH_HLYE(1.0),12/06/23 23:00:00,A,YR,T,HLY_0,PL,2012,61.0,
ESTAT:HLTH_HLYE(1.0),12/06/23 23:00:00,A,YR,T,HLY_0,PL,2013,61.0,
ESTAT:HLTH_HLYE(1.0),12/06/23 23:00:00,A,YR,T,HLY_0,PL,2014,61.3,
ESTAT:HLTH_HLYE(1.0),12/06/23 23:00:00,A,YR,T,HLY_0,PL,2015,61.6,
ESTAT:HLTH_HLYE(1.0),12/06/23 23:00:00,A,YR,T,HLY_0,PL,2016,62.9,
ESTAT:HLTH_HLYE(1.0),12/06/23 23:00:00,A,YR,T,HLY_0,PL,2017,62.0,
ESTAT:HLTH_HLYE(1.0),12/06/23 23:00:00,A,YR,T,HLY_0,PL,2018,62.4,
ESTAT:HLTH_HLYE(1.0),12/06/23 23:00:00,A,YR,T,HLY_0,PL,2019,62.5,
ESTAT:HLTH_HLYE(1.0),12/06/23 23:00:00,A,YR,T,HLY_0,PL,2020,62.3,
ESTAT:HLTH_HLYE(1.0),12/06/23 23:00:00,A,YR,T,HLY_0,PL,2021,62.6,
ESTAT:HLTH_HLYE(1.0),12/06/23 23:00:00,A,YR,T,HLY_0,PT,2004,53.9,
ESTAT:HLTH_HLYE(1.0),12/06/23 23:00:00,A,YR,T,HLY_0,PT,2005,57.8,b
ESTAT:HLTH_HLYE(1.0),12/06/23 23:00:00,A,YR,T,HLY_0,PT,2006,59.0,
ESTAT:HLTH_HLYE(1.0),12/06/23 23:00:00,A,YR,T,HLY_0,PT,2007,58.2,
ESTAT:HLTH_HLYE(1.0),12/06/23 23:00:00,A,YR,T,HLY_0,PT,2008,58.4,
ESTAT:HLTH_HLYE(1.0),12/06/23 23:00:00,A,YR,T,HLY_0,PT,2009,57.3,
ESTAT:HLTH_HLYE(1.0),12/06/23 23:00:00,A,YR,T,HLY_0,PT,2010,58.0,
ESTAT:HLTH_HLYE(1.0),12/06/23 23:00:00,A,YR,T,HLY_0,PT,2011,59.6,
ESTAT:HLTH_HLYE(1.0),12/06/23 23:00:00,A,YR,T,HLY_0,PT,2012,63.6,b
ESTAT:HLTH_HLYE(1.0),12/06/23 23:00:00,A,YR,T,HLY_0,PT,2013,63.0,
ESTAT:HLTH_HLYE(1.0),12/06/23 23:00:00,A,YR,T,HLY_0,PT,2014,56.9,b
ESTAT:HLTH_HLYE(1.0),12/06/23 23:00:00,A,YR,T,HLY_0,PT,2015,56.5,
ESTAT:HLTH_HLYE(1.0),12/06/23 23:00:00,A,YR,T,HLY_0,PT,2016,58.6,
ESTAT:HLTH_HLYE(1.0),12/06/23 23:00:00,A,YR,T,HLY_0,PT,2017,58.5,
ESTAT:HLTH_HLYE(1.0),12/06/23 23:00:00,A,YR,T,HLY_0,PT,2018,58.6,
ESTAT:HLTH_HLYE(1.0),12/06/23 23:00:00,A,YR,T,HLY_0,PT,2019,59.2,
ESTAT:HLTH_HLYE(1.0),12/06/23 23:00:00,A,YR,T,HLY_0,PT,2020,59.7,
ESTAT:HLTH_HLYE(1.0),12/06/23 23:00:00,A,YR,T,HLY_0,PT,2021,58.3,
ESTAT:HLTH_HLYE(1.0),12/06/23 23:00:00,A,YR,T,HLY_0,RO,2007,61.4,
ESTAT:HLTH_HLYE(1.0),12/06/23 23:00:00,A,YR,T,HLY_0,RO,2008,61.5,
ESTAT:HLTH_HLYE(1.0),12/06/23 23:00:00,A,YR,T,HLY_0,RO,2009,60.7,
ESTAT:HLTH_HLYE(1.0),12/06/23 23:00:00,A,YR,T,HLY_0,RO,2010,57.4,b
ESTAT:HLTH_HLYE(1.0),12/06/23 23:00:00,A,YR,T,HLY_0,RO,2011,57.5,
ESTAT:HLTH_HLYE(1.0),12/06/23 23:00:00,A,YR,T,HLY_0,RO,2012,57.6,
ESTAT:HLTH_HLYE(1.0),12/06/23 23:00:00,A,YR,T,HLY_0,RO,2013,58.4,
ESTAT:HLTH_HLYE(1.0),12/06/23 23:00:00,A,YR,T,HLY_0,RO,2014,59.0,
ESTAT:HLTH_HLYE(1.0),12/06/23 23:00:00,A,YR,T,HLY_0,RO,2015,59.2,
ESTAT:HLTH_HLYE(1.0),12/06/23 23:00:00,A,YR,T,HLY_0,RO,2016,59.4,
ESTAT:HLTH_HLYE(1.0),12/06/23 23:00:00,A,YR,T,HLY_0,RO,2017,58.7,
ESTAT:HLTH_HLYE(1.0),12/06/23 23:00:00,A,YR,T,HLY_0,RO,2018,59.4,
ESTAT:HLTH_HLYE(1.0),12/06/23 23:00:00,A,YR,T,HLY_0,RO,2019,60.2,
ESTAT:HLTH_HLYE(1.0),12/06/23 23:00:00,A,YR,T,HLY_0,RO,2020,59.9,
ESTAT:HLTH_HLYE(1.0),12/06/23 23:00:00,A,YR,T,HLY_0,RO,2021,57.8,
ESTAT:HLTH_HLYE(1.0),12/06/23 23:00:00,A,YR,T,HLY_0,SE,2004,61.4,
ESTAT:HLTH_HLYE(1.0),12/06/23 23:00:00,A,YR,T,HLY_0,SE,2005,63.8,
ESTAT:HLTH_HLYE(1.0),12/06/23 23:00:00,A,YR,T,HLY_0,SE,2006,67.4,
ESTAT:HLTH_HLYE(1.0),12/06/23 23:00:00,A,YR,T,HLY_0,SE,2007,67.3,
ESTAT:HLTH_HLYE(1.0),12/06/23 23:00:00,A,YR,T,HLY_0,SE,2008,64.7,b
ESTAT:HLTH_HLYE(1.0),12/06/23 23:00:00,A,YR,T,HLY_0,SE,2009,65.8,
ESTAT:HLTH_HLYE(1.0),12/06/23 23:00:00,A,YR,T,HLY_0,SE,2010,66.1,b
ESTAT:HLTH_HLYE(1.0),12/06/23 23:00:00,A,YR,T,HLY_0,SE,2011,65.5,
ESTAT:HLTH_HLYE(1.0),12/06/23 23:00:00,A,YR,T,HLY_0,SE,2013,65.8,
ESTAT:HLTH_HLYE(1.0),12/06/23 23:00:00,A,YR,T,HLY_0,SE,2014,72.9,b
ESTAT:HLTH_HLYE(1.0),12/06/23 23:00:00,A,YR,T,HLY_0,SE,2015,72.7,
ESTAT:HLTH_HLYE(1.0),12/06/23 23:00:00,A,YR,T,HLY_0,SE,2016,73.2,
ESTAT:HLTH_HLYE(1.0),12/06/23 23:00:00,A,YR,T,HLY_0,SE,2017,72.6,
ESTAT:HLTH_HLYE(1.0),12/06/23 23:00:00,A,YR,T,HLY_0,SE,2018,72.8,
ESTAT:HLTH_HLYE(1.0),12/06/23 23:00:00,A,YR,T,HLY_0,SE,2019,73.3,
ESTAT:HLTH_HLYE(1.0),12/06/23 23:00:00,A,YR,T,HLY_0,SE,2020,72.7,
ESTAT:HLTH_HLYE(1.0),12/06/23 23:00:00,A,YR,T,HLY_0,SE,2021,68.4,
ESTAT:HLTH_HLYE(1.0),12/06/23 23:00:00,A,YR,T,HLY_0,SI,2005,58.2,
ESTAT:HLTH_HLYE(1.0),12/06/23 23:00:00,A,YR,T,HLY_0,SI,2006,59.4,
ESTAT:HLTH_HLYE(1.0),12/06/23 23:00:00,A,YR,T,HLY_0,SI,2007,60.4,
ESTAT:HLTH_HLYE(1.0),12/06/23 23:00:00,A,YR,T,HLY_0,SI,2008,60.2,
ESTAT:HLTH_HLYE(1.0),12/06/23 23:00:00,A,YR,T,HLY_0,SI,2009,61.0,
ESTAT:HLTH_HLYE(1.0),12/06/23 23:00:00,A,YR,T,HLY_0,SI,2010,53.9,b
ESTAT:HLTH_HLYE(1.0),12/06/23 23:00:00,A,YR,T,HLY_0,SI,2011,53.9,
ESTAT:HLTH_HLYE(1.0),12/06/23 23:00:00,A,YR,T,HLY_0,SI,2012,56.0,
ESTAT:HLTH_HLYE(1.0),12/06/23 23:00:00,A,YR,T,HLY_0,SI,2013,58.5,
ESTAT:HLTH_HLYE(1.0),12/06/23 23:00:00,A,YR,T,HLY_0,SI,2014,58.7,
ESTAT:HLTH_HLYE(1.0),12/06/23 23:00:00,A,YR,T,HLY_0,SI,2015,58.1,
ESTAT:HLTH_HLYE(1.0),12/06/23 23:00:00,A,YR,T,HLY_0,SI,2016,58.3,
ESTAT:HLTH_HLYE(1.0),12/06/23 23:00:00,A,YR,T,HLY_0,SI,2017,55.0,
ESTAT:HLTH_HLYE(1.0),12/06/23 23:00:00,A,YR,T,HLY_0,SI,2018,55.5,
ESTAT:HLTH_HLYE(1.0),12/06/23 23:00:00,A,YR,T,HLY_0,SI,2019,60.9,
ESTAT:HLTH_HLYE(1.0),12/06/23 23:00:00,A,YR,T,HLY_0,SI,2020,65.1,
ESTAT:HLTH_HLYE(1.0),12/06/23 23:00:00,A,YR,T,HLY_0,SI,2021,65.4,
ESTAT:HLTH_HLYE(1.0),12/06/23 23:00:00,A,YR,T,HLY_0,SK,2005,55.9,
ESTAT:HLTH_HLYE(1.0),12/06/23 23:00:00,A,YR,T,HLY_0,SK,2006,54.5,
ESTAT:HLTH_HLYE(1.0),12/06/23 23:00:00,A,YR,T,HLY_0,SK,2007,55.8,
ESTAT:HLTH_HLYE(1.0),12/06/23 23:00:00,A,YR,T,HLY_0,SK,2008,52.3,b
ESTAT:HLTH_HLYE(1.0),12/06/23 23:00:00,A,YR,T,HLY_0,SK,2009,52.4,
ESTAT:HLTH_HLYE(1.0),12/06/23 23:00:00,A,YR,T,HLY_0,SK,2010,52.2,
ESTAT:HLTH_HLYE(1.0),12/06/23 23:00:00,A,YR,T,HLY_0,SK,2011,52.2,
ESTAT:HLTH_HLYE(1.0),12/06/23 23:00:00,A,YR,T,HLY_0,SK,2012,53.3,
ESTAT:HLTH_HLYE(1.0),12/06/23 23:00:00,A,YR,T,HLY_0,SK,2013,54.4,
ESTAT:HLTH_HLYE(1.0),12/06/23 23:00:00,A,YR,T,HLY_0,SK,2014,55.1,
ESTAT:HLTH_HLYE(1.0),12/06/23 23:00:00,A,YR,T,HLY_0,SK,2015,54.9,
ESTAT:HLTH_HLYE(1.0),12/06/23 23:00:00,A,YR,T,HLY_0,SK,2016,56.7,
ESTAT:HLTH_HLYE(1.0),12/06/23 23:00:00,A,YR,T,HLY_0,SK,2017,55.6,
ESTAT:HLTH_HLYE(1.0),12/06/23 23:00:00,A,YR,T,HLY_0,SK,2018,56.1,
ESTAT:HLTH_HLYE(1.0),12/06/23 23:00:00,A,YR,T,HLY_0,SK,2019,56.2,
ESTAT:HLTH_HLYE(1.0),12/06/23 23:00:00,A,YR,T,HLY_0,SK,2020,56.7,
ESTAT:HLTH_HLYE(1.0),12/06/23 23:00:00,A,YR,T,HLY_0,SK,2021,56.8,
ESTAT:HLTH_HLYE(1.0),12/06/23 23:00:00,A,YR,T,HLY_0,UK,2005,64.9,
ESTAT:HLTH_HLYE(1.0),12/06/23 23:00:00,A,YR,T,HLY_0,UK,2006,64.8,
ESTAT:HLTH_HLYE(1.0),12/06/23 23:00:00,A,YR,T,HLY_0,UK,2007,65.3,
ESTAT:HLTH_HLYE(1.0),12/06/23 23:00:00,A,YR,T,HLY_0,UK,2008,65.6,
ESTAT:HLTH_HLYE(1.0),12/06/23 23:00:00,A,YR,T,HLY_0,UK,2009,65.5,
ESTAT:HLTH_HLYE(1.0),12/06/23 23:00:00,A,YR,T,HLY_0,UK,2010,65.3,
ESTAT:HLTH_HLYE(1.0),12/06/23 23:00:00,A,YR,T,HLY_0,UK,2011,65.2,
ESTAT:HLTH_HLYE(1.0),12/06/23 23:00:00,A,YR,T,HLY_0,UK,2012,64.5,
ESTAT:HLTH_HLYE(1.0),12/06/23 23:00:00,A,YR,T,HLY_0,UK,2013,64.6,
ESTAT:HLTH_HLYE(1.0),12/06/23 23:00:00,A,YR,T,HLY_0,UK,2014,63.8,
ESTAT:HLTH_HLYE(1.0),12/06/23 23:00:00,A,YR,T,HLY_0,UK,2015,63.5,
ESTAT:HLTH_HLYE(1.0),12/06/23 23:00:00,A,YR,T,HLY_0,UK,2016,63.1,
ESTAT:HLTH_HLYE(1.0),12/06/23 23:00:00,A,YR,T,HLY_0,UK,2017,62.7,
ESTAT:HLTH_HLYE(1.0),12/06/23 23:00:00,A,YR,T,HLY_0,UK,2018,61.2,
